13 15
38 37 35 53 4 5 5 5 4 13 37 35 35
38 37 35 53 4 5 5 5 4 13 37 35 35
38 37 35 53 4 5 5 5 4 13 37 35 35
38 37 35 53 4 5 5 5 4 13 37 35 35
38 37 35 53 4 5 5 5 4 13 37 35 35
38 37 35 53 4 5 5 5 4 13 37 35 35
38 37 35 53 4 5 5 5 4 13 37 35 35
38 37 35 53 4 5 5 5 4 13 37 35 35
38 37 35 53 4 5 5 5 4 13 37 35 35
38 37 35 53 4 5 5 5 4 13 37 35 35
38 37 35 53 4 5 5 5 4 13 37 35 35
38 37 35 53 4 5 5 5 4 13 37 35 35
38 37 35 53 4 5 5 5 4 13 37 35 35
38 37 35 53 4 5 5 5 4 13 37 35 35
38 37 35 53 4 5 5 5 4 13 37 35 35